cluster_id1;macro_cluster
1;3
2;2
3;3
4;3
5;3
6;3
7;3
8;4
9;3
10;2
11;1
12;1
13;3
14;2
15;2
16;3
17;3
18;2
19;3
20;1
21;2
22;1
23;3
24;3
25;3
26;2
27;3
28;3
29;3
30;3
31;2
32;4
33;4
34;4
35;2
36;2
37;3
38;3
39;2
40;2
41;4
42;2
43;3
44;1
45;5
46;5
47;4
48;3
49;4
50;3
51;2
52;2
53;3
54;2
55;3
56;4
57;4
58;2
59;3
60;2
61;4
62;3
63;3
64;2
65;2
66;4
67;5
68;3
69;3
70;2
71;3
72;3
73;2
74;4
75;4
76;4
77;4
78;4
79;2
80;3
81;3
82;2
83;1
84;3
85;3
86;2
87;2
88;3
89;2
90;3
91;2
92;3
93;2
94;2
95;2
96;3
97;2
98;2
99;5
100;2
101;3
102;2
103;3
104;3
105;3
106;2
107;2
108;5
109;3
110;2
111;4
112;3
113;2
114;3
115;2
116;3
117;3
118;2
119;2
120;1
121;3
122;1
123;2
124;3
125;2
126;4
127;2
128;2
129;3
130;2
131;1
132;1
133;2
134;2
135;3
136;2
137;5
138;2
139;1
140;4
141;1
142;2
143;1
144;2
145;1
146;2
147;4
148;3
149;4
150;3
151;2
152;3
153;2
154;1
155;3
156;4
157;3
158;3
159;3
160;3
161;2
162;4
163;3
164;4
165;2
166;3
167;2
168;3
169;2
170;2
171;3
172;3
173;3
174;2
175;1
176;2
177;3
178;5
179;1
180;3
181;4
182;2
183;2
184;3
185;2
186;2
187;3
188;3
189;3
190;3
191;1
192;3
193;2
194;3
195;4
196;4
197;2
198;2
199;3
200;3
201;4
202;4
203;2
204;2
205;2
206;2
207;2
208;4
209;1
210;2
211;3
212;3
213;4
214;2
215;4
216;2
217;2
218;4
219;3
220;3
221;2
222;2
223;2
224;1
225;2
226;3
227;1
228;4
229;3
230;2
231;2
232;2
233;3
234;2
235;4
236;2
237;3
238;3
239;3
240;2
241;3
242;2
243;5
244;2
245;2
246;2
247;2
248;5
249;3
250;2
251;5
252;3
253;2
254;2
255;3
256;2
257;5
258;2
259;3
260;1
261;2
262;2
263;2
264;5
265;4
266;1
267;3
268;2
269;2
270;3
271;2
272;2
273;3
274;2
275;4
276;3
277;2
278;3
279;2
280;4
281;4
282;2
283;3
284;2
285;2
286;1
287;1
288;3
289;5
290;3
291;4
292;3
293;4
294;2
295;2
296;3
297;1
298;5
299;2
300;4
301;2
302;2
303;4
304;2
305;1
306;2
307;3
308;2
309;3
310;1
311;3
312;1
313;4
314;3
315;3
316;4
317;4
318;2
319;2
320;1
321;5
322;1
323;1
324;2
325;2
326;2
327;2
328;2
329;1
330;2
331;2
332;2
333;4
334;5
335;2
336;4
337;2
338;3
339;3
340;2
341;2
342;4
343;4
344;3
345;3
346;2
347;2
348;2
349;2
350;5
351;4
352;2
353;2
354;5
355;4
356;5
357;3
358;4
359;3
360;1
361;4
362;2
363;2
364;5
365;3
366;2
367;4
368;2
369;4
370;3
371;2
372;3
373;1
374;4
375;2
376;2
377;3
378;1
379;4
380;2
381;4
382;5
383;4
384;2
385;5
386;2
387;3
388;4
389;5
390;3
391;4
392;5
393;2
394;2
395;2
396;4
397;2
398;2
399;2
400;5
401;2
402;4
403;4
404;3
405;1
406;2
407;2
408;2
409;3
410;3
411;5
412;2
413;2
414;4
415;3
416;3
417;4
418;2
419;2
420;2
421;2
422;2
423;3
424;3
425;2
426;2
427;4
428;4
429;4
430;1
431;2
432;2
433;1
434;2
435;3
436;4
437;4
438;5
439;4
440;2
441;4
442;4
443;4
444;3
445;3
446;2
447;4
448;4
449;4
450;3
451;3
452;2
453;2
454;5
455;3
456;3
457;3
458;4
459;3
460;4
461;2
462;2
463;5
464;4
465;3
466;4
467;2
468;4
469;2
470;2
471;3
472;2
473;1
474;2
475;3
476;4
477;3
478;3
479;2
480;2
481;2
482;2
483;2
484;2
485;1
486;2
487;2
488;4
489;4
490;2
491;2
492;3
493;2
494;4
495;2
496;2
497;4
498;2
499;2
500;3
501;3
502;4
503;4
504;3
505;2
506;3
507;3
508;2
509;2
510;1
511;3
512;5
513;2
514;1
515;3
516;2
517;2
518;4
519;3
520;1
521;1
522;2
523;4
524;1
525;5
526;4
527;2
528;2
529;3
530;3
531;5
532;2
533;2
534;3
535;2
536;2
537;3
538;1
539;4
540;2
541;1
542;4
543;2
544;3
545;2
546;3
547;3
548;4
549;3
550;2
551;3
552;2
553;2
554;2
555;3
556;4
557;2
558;5
559;2
560;2
561;1
562;2
563;3
564;2
565;3
566;2
567;5
568;2
569;2
570;2
571;2
572;3
573;2
574;3
575;2
576;1
577;4
578;2
579;3
580;2
581;2
582;4
583;4
584;3
585;2
586;5
587;2
588;2
589;2
590;4
591;2
592;3
593;2
594;2
595;4
596;3
597;4
598;3
599;5
600;2
601;3
602;4
603;3
604;2
605;2
606;2
607;3
608;2
609;4
610;2
611;2
612;3
613;3
614;2
615;3
616;3
617;5
618;3
619;2
620;2
621;3
622;2
623;2
624;2
625;4
626;3
627;2
628;2
629;2
630;3
631;5
632;5
633;3
634;2
635;3
636;3
637;2
638;2
639;4
640;2
641;2
642;3
643;1
644;2
645;3
646;2
647;4
648;2
649;2
650;3
651;2
652;2
653;3
654;3
655;3
656;2
657;2
658;2
659;2
660;2
661;3
662;2
663;2
664;3
665;4
666;2
667;5
668;4
669;2
670;3
671;3
672;2
673;4
674;4
675;2
676;4
677;4
678;2
679;1
680;3
681;5
682;2
683;2
684;4
685;4
686;2
687;1
688;3
689;1
690;4
691;5
692;3
693;3
694;4
695;2
696;1
697;4
698;5
699;3
700;1
701;3
702;3
703;4
704;2
705;4
706;3
707;3
708;3
709;2
710;2
711;3
712;4
713;1
714;4
715;2
716;2
717;2
718;3
719;3
720;2
721;4
722;2
723;3
724;3
725;2
726;4
727;2
728;4
729;1
730;4
731;2
732;1
733;3
734;1
735;3
736;2
737;4
738;5
739;2
740;2
741;2
742;3
743;4
744;2
745;2
746;1
747;2
748;3
749;4
750;3
751;3
752;2
753;3
754;1
755;3
756;3
757;3
758;2
759;3
760;4
761;3
762;2
763;2
764;4
765;2
766;3
767;2
768;2
769;2
770;2
771;2
772;4
773;3
774;3
775;4
776;5
777;3
778;2
779;2
780;2
781;3
782;2
783;3
784;2
785;3
786;2
787;3
788;3
789;2
790;2
791;2
792;2
793;2
794;2
795;2
796;2
797;2
798;3
799;3
800;2
801;3
802;4
803;5
804;3
805;2
806;1
807;3
808;2
809;2
810;2
811;1
812;2
813;2
814;2
815;3
816;1
817;1
818;3
819;3
820;2
821;2
822;3
823;5
824;5
825;2
826;2
827;5
828;3
829;3
830;3
831;2
832;2
833;1
834;2
835;2
836;4
837;2
838;4
839;3
840;2
841;2
842;3
843;2
844;4
845;4
846;5
847;2
848;2
849;1
850;2
851;4
852;3
853;3
854;3
855;2
856;2
857;3
858;1
859;3
860;3
861;4
862;3
863;2
864;3
865;3
866;2
867;2
868;1
869;3
870;2
871;1
872;5
873;3
874;3
875;2
876;3
877;3
878;3
879;2
880;2
881;2
882;2
883;4
884;3
885;3
886;2
887;3
888;4
889;3
890;3
891;2
892;3
893;3
894;2
895;4
896;2
897;2
898;1
899;2
900;4
901;1
902;2
903;2
904;3
905;2
906;4
907;3
908;4
909;3
910;3
911;4
912;4
913;2
914;3
915;4
916;2
917;2
918;1
919;2
920;2
921;2
922;3
923;2
924;2
925;5
926;2
927;2
928;2
929;3
930;5
931;3
932;3
933;1
934;2
935;5
936;2
937;2
938;5
939;4
940;3
941;2
942;2
943;3
944;2
945;3
946;4
947;2
948;3
949;3
950;4
951;1
952;1
953;4
954;3
955;2
956;3
957;5
958;3
959;3
960;2
961;2
962;5
963;2
964;3
965;2
966;2
967;3
968;2
969;1
970;1
971;3
972;3
973;5
974;3
975;2
976;2
977;2
978;2
979;4
980;2
981;3
982;4
983;3
984;3
985;2
986;2
987;3
988;2
989;2
990;2
991;3
992;5
993;1
994;4
995;5
996;2
997;2
998;1
999;3
1000;2
1001;2
1002;3
1003;3
1004;2
1005;2
1006;3
1007;2
1008;4
1009;3
1010;3
1011;3
1012;1
1013;2
1014;3
1015;3
1016;4
1017;3
1018;2
1019;4
1020;3
1021;2
1022;2
1023;3
1024;3
1025;3
1026;2
1027;4
1028;5
1029;5
1030;2
1031;3
1032;2
1033;2
1034;3
1035;2
1036;3
1037;5
1038;2
1039;2
1040;3
1041;2
1042;3
1043;2
1044;2
1045;4
1046;2
1047;2
1048;2
1049;1
1050;2
1051;2
1052;3
1053;5
1054;5
1055;3
1056;2
1057;3
1058;2
1059;3
1060;2
1061;3
1062;4
1063;2
1064;2
1065;5
1066;3
1067;3
1068;4
1069;2
1070;3
1071;2
1072;2
1073;3
1074;2
1075;2
1076;3
1077;2
1078;2
1079;4
1080;2
1081;4
1082;3
1083;2
1084;3
1085;3
1086;2
1087;5
1088;3
1089;2
1090;1
1091;4
1092;4
1093;2
1094;2
1095;2
1096;3
1097;3
1098;2
1099;3
1100;5
1101;1
1102;3
1103;2
1104;2
1105;2
1106;2
1107;4
1108;4
1109;2
1110;4
1111;3
1112;4
1113;2
1114;5
1115;3
1116;2
1117;2
1118;4
1119;3
1120;5
1121;2
1122;2
1123;2
1124;1
1125;1
1126;5
1127;1
1128;2
1129;3
1130;3
1131;4
1132;2
1133;3
1134;4
1135;2
1136;2
1137;2
1138;2
1139;2
1140;3
1141;3
1142;2
1143;2
1144;1
1145;2
1146;5
1147;1
1148;5
1149;3
1150;5
1151;2
1152;2
1153;3
1154;2
1155;5
1156;4
1157;2
1158;2
1159;3
1160;4
1161;5
1162;3
1163;3
1164;3
1165;2
1166;2
1167;2
1168;4
1169;3
1170;5
1171;5
1172;2
1173;3
1174;4
1175;1
1176;4
1177;4
1178;3
1179;3
1180;3
1181;3
1182;4
1183;3
1184;2
1185;4
1186;2
1187;2
1188;3
1189;3
1190;2
1191;3
1192;2
1193;1
1194;5
1195;2
1196;2
1197;2
1198;2
1199;2
1200;4
1201;2
1202;5
1203;2
1204;4
1205;2
1206;3
1207;2
1208;2
1209;2
1210;2
1211;2
1212;2
1213;4
1214;3
1215;2
1216;2
1217;3
1218;5
1219;2
1220;2
1221;2
1222;2
1223;2
1224;2
1225;2
1226;2
1227;3
1228;4
1229;5
1230;4
1231;5
1232;4
1233;2
1234;2
1235;4
1236;4
1237;5
1238;2
1239;2
1240;3
1241;5
1242;2
1243;2
1244;2
1245;2
1246;3
1247;4
1248;2
1249;2
1250;4
1251;2
1252;4
1253;3
1254;2
1255;2
1256;5
1257;3
1258;2
1259;2
1260;5
1261;2
1262;3
1263;3
1264;2
1265;2
1266;5
1267;2
1268;3
1269;2
1270;2
1271;2
1272;2
1273;2
1274;3
1275;2
1276;2
1277;2
1278;2
1279;1
1280;4
1281;2
1282;2
1283;2
1284;5
1285;1
1286;4
1287;2
1288;3
1289;3
1290;2
1291;3
1292;3
1293;2
1294;2
1295;2
1296;5
1297;2
1298;3
1299;2
1300;3
1301;2
1302;2
1303;2
1304;1
1305;1
1306;2
1307;2
1308;3
1309;4
1310;2
1311;2
1312;3
1313;2
1314;2
1315;3
1316;3
1317;3
1318;2
1319;3
1320;2
1321;2
1322;3
1323;3
1324;2
1325;2
1326;4
1327;1
1328;3
1329;3
1330;4
1331;2
1332;2
1333;4
1334;2
1335;2
1336;4
1337;2
1338;2
1339;2
1340;2
1341;3
1342;4
1343;4
1344;4
1345;3
1346;2
1347;4
1348;2
1349;2
1350;3
1351;3
1352;1
1353;3
1354;2
1355;2
1356;2
1357;2
1358;2
1359;2
1360;3
1361;3
1362;3
1363;2
1364;2
1365;3
1366;3
1367;1
1368;2
1369;2
1370;5
1371;2
1372;4
1373;2
1374;2
1375;2
1376;3
1377;3
1378;4
1379;3
1380;3
1381;5
1382;2
1383;2
1384;3
1385;3
1386;2
1387;2
1388;3
1389;2
1390;2
1391;2
1392;2
1393;3
1394;5
1395;2
1396;3
1397;2
1398;2
1399;1
1400;4
1401;3
1402;3
1403;4
1404;2
1405;2
1406;2
1407;2
1408;2
1409;3
1410;3
1411;2
1412;2
1413;2
1414;2
1415;3
1416;2
1417;2
1418;1
1419;2
1420;2
1421;5
1422;2
1423;5
1424;1
1425;3
1426;3
1427;2
1428;2
1429;4
1430;1
1431;4
1432;2
1433;1
1434;3
1435;3
1436;2
1437;2
1438;4
1439;2
1440;3
1441;3
1442;2
1443;3
1444;2
1445;2
1446;4
1447;2
1448;2
1449;3
1450;3
1451;2
1452;1
1453;3
1454;1
1455;3
1456;2
1457;1
1458;3
1459;3
1460;2
1461;3
1462;1
1463;4
1464;2
1465;5
1466;3
1467;3
1468;5
1469;2
1470;1
1471;2
1472;4
1473;2
1474;2
1475;5
1476;2
1477;3
1478;2
1479;3
1480;4
1481;3
1482;2
1483;3
1484;2
1485;5
1486;2
1487;1
1488;3
1489;3
1490;5
1491;2
1492;4
1493;3
1494;3
1495;2
1496;2
1497;2
1498;3
1499;2
1500;4
1501;1
1502;2
1503;3
1504;3
1505;3
1506;2
1507;4
1508;4
1509;4
1510;3
1511;2
1512;5
1513;2
1514;2
1515;1
1516;4
1517;3
1518;2
1519;3
1520;2
1521;5
1522;2
1523;2
1524;3
1525;2
1526;5
1527;2
1528;3
1529;4
1530;4
1531;2
1532;3
1533;2
1534;4
1535;2
1536;3
1537;1
1538;4
1539;2
1540;3
1541;2
1542;3
1543;3
1544;4
1545;5
1546;2
1547;3
1548;3
1549;4
1550;3
1551;3
1552;2
1553;3
1554;4
1555;4
1556;5
1557;2
1558;5
1559;1
1560;3
1561;2
1562;2
1563;1
1564;2
1565;2
1566;3
1567;2
1568;2
1569;3
1570;3
1571;4
1572;3
1573;2
1574;2
1575;3
1576;2
1577;2
1578;2
1579;1
1580;2
1581;2
1582;4
1583;2
1584;2
1585;4
1586;3
1587;1
1588;2
1589;3
1590;2
1591;5
1592;5
1593;2
1594;4
1595;1
1596;3
1597;2
1598;2
1599;3
1600;4
1601;3
1602;3
1603;4
1604;3
1605;2
1606;2
1607;2
1608;3
1609;3
1610;2
1611;2
1612;2
1613;3
1614;3
1615;2
1616;5
1617;2
1618;2
1619;2
1620;3
1621;2
1622;3
1623;2
1624;3
1625;2
1626;2
1627;3
1628;2
1629;3
1630;2
1631;2
1632;2
1633;2
1634;3
1635;2
1636;4
1637;5
1638;2
1639;1
1640;2
1641;2
1642;2
1643;3
1644;3
1645;5
1646;2
1647;3
1648;2
1649;3
1650;4
1651;2
1652;2
1653;2
1654;4
1655;4
1656;3
1657;3
1658;2
1659;3
1660;2
1661;5
1662;2
1663;2
1664;3
1665;3
1666;4
1667;1
1668;3
1669;3
1670;3
1671;4
1672;3
1673;4
1674;5
1675;1
1676;2
1677;2
1678;4
1679;3
1680;1
1681;3
1682;2
1683;2
1684;2
1685;2
1686;3
1687;2
1688;2
1689;3
1690;4
1691;2
1692;3
1693;2
1694;3
1695;1
1696;3
1697;3
1698;1
1699;2
1700;4
1701;5
1702;2
1703;4
1704;2
1705;2
1706;2
1707;1
1708;3
1709;2
1710;2
1711;1
1712;4
1713;3
1714;4
1715;5
1716;3
1717;2
1718;2
1719;3
1720;3
1721;2
1722;4
1723;4
1724;3
1725;5
1726;4
1727;4
1728;4
1729;4
1730;4
1731;2
1732;1
1733;4
1734;3
1735;5
1736;5
1737;4
1738;3
1739;3
1740;3
1741;2
1742;2
1743;2
1744;2
1745;3
1746;5
1747;2
1748;4
1749;1
1750;3
1751;3
1752;3
1753;3
1754;2
1755;2
1756;2
1757;5
1758;2
1759;4
1760;2
1761;4
1762;2
1763;2
1764;2
1765;2
1766;2
1767;1
1768;4
1769;1
1770;4
1771;2
1772;3
1773;4
1774;3
1775;2
1776;2
1777;5
1778;3
1779;5
1780;3
1781;2
1782;4
1783;3
1784;2
1785;3
1786;3
1787;2
1788;4
1789;4
1790;3
1791;3
1792;3
1793;3
1794;3
1795;2
1796;2
1797;3
1798;4
1799;2
1800;5
1801;5
1802;3
1803;2
1804;2
1805;3
1806;2
1807;2
1808;2
1809;4
1810;1
1811;3
1812;3
1813;2
1814;5
1815;5
1816;5
1817;2
1818;3
1819;2
1820;2
1821;2
1822;2
1823;4
1824;3
1825;2
1826;2
1827;3
1828;2
1829;3
1830;3
1831;2
1832;2
1833;3
1834;4
1835;3
1836;4
1837;2
1838;2
1839;2
1840;2
1841;4
1842;2
1843;4
1844;2
1845;2
1846;1
1847;1
1848;4
1849;2
1850;2
1851;2
1852;2
1853;2
1854;4
1855;3
1856;3
1857;2
1858;4
1859;2
1860;4
1861;5
1862;2
1863;5
1864;2
1865;3
1866;3
1867;2
1868;5
1869;3
1870;2
1871;5
1872;3
1873;2
1874;5
1875;3
1876;2
1877;3
1878;3
1879;3
1880;3
1881;3
1882;4
1883;1
1884;2
1885;2
1886;3
1887;3
1888;3
1889;5
1890;3
1891;3
1892;5
1893;3
1894;3
1895;1
1896;2
1897;3
1898;2
1899;2
1900;4
1901;1
1902;3
1903;3
1904;2
1905;4
1906;3
1907;3
1908;3
1909;2
1910;2
1911;3
1912;3
1913;4
1914;2
1915;2
1916;3
1917;2
1918;5
1919;2
1920;5
1921;4
1922;5
1923;1
1924;4
1925;2
1926;2
1927;2
1928;3
1929;1
1930;3
1931;2
1932;1
1933;4
1934;2
1935;2
1936;2
1937;3
1938;2
1939;2
1940;4
1941;3
1942;2
1943;3
1944;5
1945;3
1946;5
1947;3
1948;2
1949;3
1950;3
1951;2
1952;3
1953;3
1954;2
1955;3
1956;5
1957;4
1958;3
1959;3
1960;3
1961;2
1962;2
1963;4
1964;4
1965;2
1966;3
1967;2
1968;3
1969;5
1970;1
1971;2
1972;4
1973;1
1974;5
1975;3
1976;3
1977;2
1978;3
1979;3
1980;4
1981;3
1982;2
1983;3
1984;2
1985;2
1986;3
1987;3
1988;5
1989;1
1990;2
1991;3
1992;2
1993;2
1994;4
1995;5
1996;2
1997;2
1998;3
1999;2
2000;4
2001;2
2002;2
2003;2
2004;5
2005;2
2006;2
2007;5
2008;1
2009;5
2010;2
2011;3
2012;2
2013;1
2014;3
2015;2
2016;3
2017;2
2018;2
2019;2
2020;3
2021;3
2022;2
2023;3
2024;4
2025;3
2026;2
2027;5
2028;3
2029;3
2030;4
2031;2
2032;1
2033;1
2034;3
2035;2
2036;4
2037;3
2038;1
2039;1
2040;2
2041;4
2042;2
2043;3
2044;2
2045;4
2046;1
2047;2
2048;3
2049;3
2050;5
2051;3
2052;5
2053;1
2054;2
2055;3
2056;3
2057;2
2058;4
2059;2
2060;2
2061;2
2062;2
2063;2
2064;5
2065;3
2066;4
2067;2
2068;4
2069;1
2070;3
2071;2
2072;2
2073;2
2074;4
2075;3
2076;2
2077;3
2078;2
2079;3
2080;4
2081;3
2082;4
2083;5
2084;2
2085;2
2086;1
2087;1
2088;4
2089;3
2090;3
2091;2
2092;2
2093;3
2094;3
2095;3
2096;3
2097;2
2098;3
2099;3
2100;2
2101;1
2102;2
2103;3
2104;3
2105;3
2106;5
2107;3
2108;5
2109;2
2110;3
2111;2
2112;4
2113;2
2114;4
2115;2
2116;2
2117;2
2118;4
2119;4
2120;1
2121;4
2122;2
2123;1
2124;4
2125;2
2126;2
2127;2
2128;2
2129;2
2130;4
2131;3
2132;2
2133;5
2134;5
2135;4
2136;2
2137;2
2138;2
2139;4
2140;2
2141;4
2142;4
2143;3
2144;2
2145;3
2146;2
2147;3
2148;2
2149;3
2150;2
2151;2
2152;3
2153;1
2154;5
2155;3
2156;3
2157;3
2158;2
2159;2
2160;2
2161;3
2162;2
2163;4
2164;3
2165;3
2166;2
2167;5
2168;3
2169;5
2170;4
2171;3
2172;5
2173;5
2174;2
2175;3
2176;3
2177;5
2178;2
2179;3
2180;4
2181;5
2182;5
2183;3
2184;2
2185;1
2186;3
2187;4
2188;2
2189;3
2190;1
2191;2
2192;3
2193;2
2194;5
2195;3
2196;2
2197;3
2198;4
2199;4
2200;4
2201;2
2202;2
2203;2
2204;1
2205;3
2206;5
2207;2
2208;3
2209;1
2210;2
2211;3
2212;4
2213;4
2214;2
2215;3
2216;2
2217;3
2218;2
2219;2
2220;4
2221;2
2222;4
2223;2
2224;3
2225;4
2226;3
2227;5
2228;2
2229;2
2230;4
2231;2
2232;3
2233;3
2234;3
2235;2
2236;4
2237;1
2238;2
2239;3
2240;1
2241;2
2242;3
2243;2
2244;2
2245;3
2246;1
2247;4
2248;3
2249;2
2250;2
2251;3
2252;2
2253;2
2254;5
2255;3
2256;5
2257;1
2258;2
2259;2
2260;1
2261;2
2262;2
2263;3
2264;3
2265;2
2266;3
2267;2
2268;4
2269;3
2270;4
2271;3
2272;2
2273;2
2274;2
2275;2
2276;2
2277;3
2278;2
2279;3
2280;2
2281;2
2282;2
2283;3
2284;1
2285;4
2286;2
2287;2
2288;2
2289;2
2290;3
2291;2
2292;3
2293;3
2294;1
2295;2
2296;3
2297;4
2298;3
2299;5
2300;2
2301;4
2302;2
2303;2
2304;4
2305;3
2306;2
2307;1
2308;2
2309;4
2310;4
2311;2
2312;3
2313;4
2314;5
2315;3
2316;2
2317;3
2318;3
2319;2
2320;5
2321;3
2322;3
2323;2
2324;2
2325;2
2326;2
2327;4
2328;5
2329;4
2330;2
2331;2
2332;5
2333;4
2334;2
2335;2
2336;2
2337;3
2338;3
2339;4
2340;5
2341;3
2342;2
2343;2
2344;5
2345;5
2346;4
2347;2
2348;3
2349;2
2350;3
2351;5
2352;3
2353;3
2354;5
2355;2
2356;5
2357;3
2358;3
2359;2
2360;3
2361;2
2362;4
2363;3
2364;2
2365;2
2366;5
2367;5
2368;3
2369;2
2370;4
2371;2
2372;3
2373;1
2374;5
2375;3
2376;3
2377;3
2378;3
2379;1
2380;3
2381;2
2382;3
2383;1
2384;5
2385;3
2386;2
2387;2
2388;2
2389;4
2390;5
2391;2
2392;5
2393;1
2394;3
2395;4
2396;3
2397;1
2398;2
2399;2
2400;2
2401;3
2402;2
2403;5
2404;4
2405;1
2406;1
2407;3
2408;1
2409;4
2410;2
2411;2
2412;2
2413;5
2414;5
2415;3
2416;2
2417;1
2418;2
2419;4
2420;2
2421;3
2422;1
2423;5
2424;3
2425;2
2426;2
2427;5
2428;3
2429;3
2430;3
2431;4
2432;2
2433;5
2434;3
2435;2
2436;2
2437;2
2438;3
2439;4
2440;2
2441;4
2442;5
2443;1
2444;2
2445;3
2446;2
2447;1
2448;2
2449;3
2450;2
2451;3
2452;2
2453;4
2454;4
2455;3
2456;5
2457;3
2458;2
2459;3
2460;2
2461;2
2462;2
2463;3
2464;3
2465;2
2466;3
2467;2
2468;4
2469;3
2470;2
2471;2
2472;4
2473;3
2474;5
2475;3
2476;3
2477;2
2478;4
2479;3
2480;5
2481;2
2482;1
2483;1
2484;2
2485;2
2486;2
2487;3
2488;3
2489;2
2490;3
2491;3
2492;2
2493;3
2494;2
2495;2
2496;2
2497;3
2498;3
2499;1
2500;5
2501;4
2502;1
2503;5
2504;3
2505;2
2506;3
2507;2
2508;2
2509;5
2510;1
2511;5
2512;5
2513;2
2514;4
2515;3
2516;2
2517;2
2518;2
2519;4
2520;1
2521;1
2522;5
2523;2
2524;5
2525;2
2526;4
2527;2
2528;4
2529;2
2530;3
2531;3
2532;5
2533;3
2534;2
2535;1
2536;5
2537;2
2538;5
2539;2
2540;3
2541;1
2542;1
2543;1
2544;2
2545;3
2546;2
2547;3
2548;2
2549;3
2550;1
2551;5
2552;3
2553;1
2554;5
2555;3
2556;1
2557;2
2558;1
2559;4
2560;2
2561;4
2562;3
2563;2
2564;3
2565;2
2566;2
2567;4
2568;4
2569;4
2570;1
2571;4
2572;2
2573;2
2574;2
2575;3
2576;4
2577;2
2578;3
2579;3
2580;3
2581;2
2582;5
2583;2
2584;2
2585;5
2586;2
2587;2
2588;3
2589;3
2590;2
2591;2
2592;3
2593;1
2594;2
2595;1
2596;5
2597;3
2598;3
2599;3
2600;2
2601;4
2602;2
2603;2
2604;3
2605;2
2606;3
2607;4
2608;3
2609;2
2610;3
2611;2
2612;3
2613;2
2614;1
2615;3
2616;1
2617;4
2618;2
2619;3
2620;1
2621;4
2622;3
2623;3
2624;3
2625;3
2626;1
2627;4
2628;3
2629;1
2630;5
2631;2
2632;2
2633;2
2634;2
2635;2
2636;5
2637;3
2638;1
2639;3
2640;2
2641;5
2642;5
2643;1
2644;4
2645;2
2646;4
2647;4
2648;2
2649;2
2650;3
2651;2
2652;2
2653;3
2654;5
2655;2
2656;3
2657;3
2658;4
2659;3
2660;5
2661;3
2662;4
2663;2
2664;5
2665;4
2666;3
2667;3
2668;2
2669;3
2670;2
2671;1
2672;2
2673;4
2674;4
2675;2
2676;1
2677;3
2678;5
2679;2
2680;2
2681;2
2682;2
2683;2
2684;2
2685;2
2686;2
2687;4
2688;3
2689;2
2690;2
2691;2
2692;4
2693;1
2694;3
2695;2
2696;3
2697;1
2698;3
2699;2
2700;2
2701;1
2702;3
2703;5
2704;2
2705;2
2706;5
2707;2
2708;4
2709;1
2710;5
2711;2
2712;2
2713;5
2714;2
2715;2
2716;4
2717;3
2718;2
2719;1
2720;3
2721;4
2722;3
2723;3
2724;2
2725;3
2726;5
2727;2
2728;3
2729;2
2730;3
2731;3
2732;2
2733;2
2734;3
2735;4
2736;2
2737;3
2738;1
2739;3
2740;3
2741;3
2742;3
2743;3
2744;5
2745;4
2746;2
2747;1
2748;2
2749;4
2750;2
2751;2
2752;3
2753;2
2754;2
2755;2
2756;3
2757;2
2758;2
2759;4
2760;4
2761;4
2762;2
2763;3
2764;3
2765;2
2766;4
2767;3
2768;2
2769;3
2770;5
2771;2
2772;3
2773;2
2774;4
2775;1
2776;5
2777;5
2778;4
2779;3
2780;3
2781;3
2782;2
2783;2
2784;3
2785;3
2786;2
2787;2
2788;2
2789;3
2790;2
2791;5
2792;4
2793;5
2794;2
2795;2
2796;4
2797;5
2798;1
2799;5
2800;2
2801;2
2802;4
2803;3
2804;2
2805;2
2806;2
2807;2
2808;2
2809;2
2810;2
2811;4
2812;2
2813;1
2814;2
2815;3
2816;4
2817;4
2818;4
2819;1
2820;2
2821;2
2822;5
2823;3
2824;2
2825;5
2826;2
2827;3
2828;3
2829;2
2830;3
2831;2
2832;5
2833;2
2834;2
2835;2
2836;4
2837;4
2838;3
2839;3
2840;1
2841;2
2842;3
2843;1
2844;2
2845;3
2846;2
2847;2
2848;3
2849;2
2850;2
2851;4
2852;2
2853;3
2854;2
2855;2
2856;1
2857;2
2858;3
2859;2
2860;3
2861;2
2862;2
2863;2
2864;2
2865;2
2866;1
2867;4
2868;4
2869;2
2870;4
2871;2
2872;2
2873;2
2874;4
2875;3
2876;2
2877;3
2878;5
2879;5
2880;2
2881;2
2882;4
2883;2
2884;1
2885;4
2886;4
2887;3
2888;2
2889;2
2890;3
2891;4
2892;2
2893;3
2894;2
2895;1
2896;2
2897;5
2898;4
2899;2
2900;3
2901;2
2902;4
2903;2
2904;5
2905;3
2906;3
2907;1
2908;2
2909;5
2910;4
2911;5
2912;4
2913;2
2914;4
2915;3
2916;5
2917;2
2918;1
2919;4
2920;2
2921;2
2922;3
2923;3
2924;1
2925;3
2926;4
2927;2
2928;2
2929;2
2930;2
2931;2
2932;5
2933;2
2934;2
2935;2
2936;2
2937;3
2938;2
2939;2
2940;4
2941;4
2942;4
2943;3
2944;2
2945;3
2946;5
2947;4
2948;1
2949;4
2950;2
2951;4
2952;2
2953;4
2954;2
2955;3
2956;3
2957;2
2958;4
2959;3
2960;1
2961;4
2962;2
2963;2
2964;1
2965;1
2966;2
2967;2
2968;3
2969;2
2970;2
2971;2
2972;2
2973;2
2974;2
2975;1
2976;4
2977;3
2978;2
2979;2
2980;3
2981;3
2982;3
2983;4
2984;3
2985;2
2986;5
2987;4
2988;3
2989;4
2990;3
2991;2
2992;2
2993;4
2994;1
2995;1
2996;5
2997;3
2998;3
2999;2
3000;3
3001;4
3002;4
3003;2
3004;2
3005;2
3006;2
3007;4
3008;5
3009;3
3010;2
3011;1
3012;2
3013;3
3014;2
3015;1
3016;2
3017;2
3018;3
3019;3
3020;1
3021;3
3022;3
3023;4
3024;2
3025;4
3026;3
3027;5
3028;1
3029;1
3030;2
3031;2
3032;2
3033;5
3034;4
3035;3
3036;2
3037;2
3038;3
3039;2
3040;5
3041;3
3042;1
3043;4
3044;3
3045;2
3046;1
3047;2
3048;2
3049;2
3050;1
3051;5
3052;2
3053;2
3054;2
3055;1
3056;2
3057;2
3058;5
3059;2
3060;3
3061;2
3062;3
3063;4
3064;4
3065;5
3066;1
3067;2
3068;3
3069;5
3070;5
3071;1
3072;2
3073;5
3074;3
3075;2
3076;3
3077;2
3078;2
3079;2
3080;3
3081;4
3082;4
3083;3
3084;3
3085;3
3086;5
3087;3
3088;3
3089;1
3090;5
3091;1
3092;5
3093;2
3094;2
3095;3
3096;3
3097;2
3098;5
3099;1
3100;1
3101;3
3102;2
3103;4
3104;2
3105;3
3106;3
3107;4
3108;3
3109;5
3110;2
3111;1
3112;3
3113;3
3114;1
3115;2
3116;2
3117;2
3118;5
3119;2
3120;2
3121;5
3122;3
3123;4
3124;5
3125;2
3126;2
3127;2
3128;3
3129;3
3130;3
3131;4
3132;2
3133;1
3134;2
3135;4
3136;4
3137;3
3138;2
3139;3
3140;2
3141;2
3142;3
3143;4
3144;1
3145;2
3146;2
3147;2
3148;5
3149;2
3150;5
3151;4
3152;4
3153;5
3154;2
3155;3
3156;2
3157;3
3158;4
3159;4
3160;3
3161;3
3162;2
3163;1
3164;3
3165;1
3166;4
3167;5
3168;4
3169;2
3170;1
3171;2
3172;2
3173;3
3174;2
3175;5
3176;3
3177;2
3178;2
3179;3
3180;1
3181;2
3182;2
3183;4
3184;3
3185;1
3186;1
3187;3
3188;1
3189;2
3190;2
3191;3
3192;2
3193;2
3194;2
3195;3
3196;3
3197;2
3198;5
3199;3
3200;1
3201;3
3202;3
3203;3
3204;5
3205;3
3206;3
3207;1
3208;4
3209;2
3210;2
3211;5
3212;3
3213;1
3214;2
3215;4
3216;5
3217;3
3218;2
3219;3
3220;5
3221;2
3222;2
3223;3
3224;4
3225;5
3226;3
3227;2
3228;2
3229;1
3230;3
3231;3
3232;3
3233;4
3234;3
3235;4
3236;1
3237;3
3238;2
3239;4
3240;3
3241;2
3242;1
3243;5
3244;2
3245;2
3246;4
3247;2
3248;2
3249;4
3250;2
3251;2
3252;2
3253;4
3254;3
3255;4
3256;3
3257;2
3258;1
3259;3
3260;2
3261;5
3262;4
3263;3
3264;5
3265;2
3266;3
3267;5
3268;4
3269;4
3270;3
3271;5
3272;2
3273;3
3274;2
3275;5
3276;4
3277;4
3278;3
3279;2
3280;3
3281;3
3282;2
3283;4
3284;5
3285;3
3286;1
3287;4
3288;5
3289;3
3290;1
3291;2
3292;5
3293;2
3294;3
3295;1
3296;3
3297;2
3298;3
3299;1
3300;2
3301;3
3302;2
3303;1
3304;5
3305;5
3306;3
3307;4
3308;2
3309;2
3310;2
3311;3
3312;5
3313;2
3314;4
3315;5
3316;3
3317;1
3318;2
3319;1
3320;4
3321;3
3322;2
3323;2
3324;2
3325;4
3326;2
3327;5
3328;2
3329;2
3330;3
3331;2
3332;4
3333;1
3334;3
3335;3
3336;1
3337;2
3338;3
3339;1
3340;3
3341;3
3342;1
3343;2
3344;1
3345;4
3346;5
3347;1
3348;3
3349;4
3350;1
3351;3
3352;3
3353;2
3354;2
3355;2
3356;3
3357;2
3358;2
3359;1
3360;3
3361;1
3362;1
3363;5
3364;3
3365;2
3366;4
3367;3
3368;2
3369;1
3370;2
3371;2
3372;3
3373;5
3374;5
3375;4
3376;3
3377;1
3378;3
3379;4
3380;3
3381;2
3382;4
3383;3
3384;1
3385;2
3386;3
3387;3
3388;3
3389;1
3390;3
3391;3
3392;3
3393;4
3394;1
3395;1
3396;3
3397;3
3398;1
3399;2
3400;4
3401;1
3402;3
3403;1
3404;3
3405;2
3406;2
3407;3
3408;3
3409;2
3410;2
3411;1
3412;1
3413;1
3414;3
3415;1
3416;2
3417;4
3418;2
3419;2
3420;2
3421;1
3422;3
3423;5
3424;5
3425;2
3426;2
3427;3
3428;1
3429;4
3430;2
3431;2
3432;5
3433;3
3434;2
3435;2
3436;3
3437;5
3438;1
3439;1
3440;2
3441;2
3442;3
3443;2
3444;2
3445;3
3446;3
3447;5
3448;1
3449;3
3450;1
3451;3
3452;3
3453;1
3454;3
3455;5
3456;2
3457;1
3458;2
3459;2
3460;5
3461;4
3462;2
3463;3
3464;2
3465;1
3466;2
3467;4
3468;1
3469;3
3470;3
3471;2
3472;2
3473;3
3474;3
3475;3
3476;3
3477;2
3478;1
3479;2
3480;3
3481;2
3482;2
3483;3
3484;2
3485;5
3486;3
3487;2
3488;3
3489;5
3490;1
3491;2
3492;2
3493;2
3494;4
3495;1
3496;2
3497;5
3498;5
3499;3
3500;2
3501;3
3502;3
3503;5
3504;3
3505;2
3506;4
3507;1
3508;3
3509;1
3510;2
3511;2
3512;2
3513;3
3514;2
3515;3
3516;2
3517;5
3518;2
3519;2
3520;1
3521;4
3522;2
3523;5
3524;3
3525;2
3526;3
3527;2
3528;4
3529;2
3530;2
3531;3
3532;2
3533;1
3534;3
3535;3
3536;5
3537;5
3538;2
3539;4
3540;3
3541;5
3542;3
3543;3
3544;2
3545;5
3546;1
3547;3
3548;1
3549;3
3550;5
3551;2
3552;1
3553;1
3554;3
3555;2
3556;3
3557;2
3558;3
3559;3
3560;3
3561;2
3562;3
3563;2
3564;1
3565;2
3566;3
3567;1
3568;5
3569;2
3570;3
3571;5
3572;4
3573;3
3574;2
3575;2
3576;2
3577;2
3578;3
3579;1
3580;2
3581;2
3582;2
3583;2
3584;3
3585;5
3586;1
3587;2
3588;1
3589;2
3590;3
3591;2
3592;2
3593;1
3594;2
3595;2
3596;1
3597;2
3598;1
3599;2
3600;3
3601;5
3602;1
3603;1
3604;1
3605;2
3606;1
3607;4
3608;4
3609;1
3610;5
3611;2
3612;2
3613;1
3614;4
3615;1
3616;3
3617;4
3618;4
3619;2
3620;2
3621;2
3622;2
3623;5
3624;2
3625;3
3626;3
3627;3
3628;2
3629;2
3630;2
3631;1
3632;1
3633;1
3634;2
3635;4
3636;1
3637;3
3638;4
3639;1
3640;2
3641;1
3642;2
3643;2
3644;4
3645;3
3646;1
3647;2
3648;1
3649;2
3650;2
3651;3
3652;5
3653;2
3654;5
3655;1
3656;4
3657;1
3658;5
3659;3
3660;1
3661;1
3662;5
3663;5
3664;2
3665;1
3666;2
3667;1
3668;3
3669;1
3670;3
3671;3
3672;1
3673;1
3674;1
3675;5
3676;2
3677;1
3678;1
3679;3
3680;3
3681;1
3682;2
3683;2
3684;3
3685;2
3686;3
3687;1
3688;1
3689;5
3690;3
3691;1
3692;2
3693;5
3694;3
3695;2
3696;5
3697;1
3698;3
3699;3
3700;3
3701;3
3702;4
3703;2
3704;2
3705;2
3706;2
3707;3
3708;3
3709;1
3710;2
3711;3
3712;1
3713;3
3714;4
3715;4
3716;1
3717;3
3718;2
3719;5
3720;5
3721;1
3722;1
3723;2
3724;2
3725;2
3726;4
3727;2
3728;2
3729;3
3730;2
3731;4
3732;2
3733;2
3734;5
3735;2
3736;2
3737;1
3738;3
3739;4
3740;3
3741;3
3742;2
3743;3
3744;4
3745;2
3746;1
3747;2
3748;1
3749;3
3750;3
3751;1
3752;3
3753;4
3754;1
3755;1
3756;2
3757;2
3758;4
3759;3
3760;3
3761;2
3762;5
3763;1
3764;3
3765;2
3766;2
3767;1
3768;1
3769;1
3770;5
3771;1
3772;4
3773;3
3774;3
3775;1
3776;3
3777;3
3778;3
3779;1
3780;2
3781;2
3782;3
3783;2
3784;1
3785;2
3786;1
3787;1
3788;1
3789;2
3790;1
3791;5
3792;4
3793;4
3794;2
3795;3
3796;3
3797;3
3798;4
3799;5
3800;2
3801;1
3802;2
3803;2
3804;4
3805;1
3806;1
3807;2
3808;2
3809;2
3810;3
3811;3
3812;2
3813;2
3814;1
3815;1
3816;3
3817;2
3818;1
3819;2
3820;5
3821;1
3822;5
3823;3
3824;1
3825;5
3826;3
3827;1
3828;2
3829;2
3830;3
3831;1
3832;4
3833;3
3834;3
3835;5
3836;2
3837;1
3838;5
3839;1
3840;1
3841;1
3842;1
3843;2
3844;3
3845;3
3846;3
3847;1
3848;3
3849;1
3850;3
3851;5
3852;5
3853;3
3854;3
3855;3
3856;1
3857;2
3858;2
3859;2
3860;2
3861;3
3862;2
3863;2
3864;4
3865;4
3866;2
3867;2
3868;3
3869;2
3870;2
3871;1
3872;3
3873;3
3874;4
3875;3
3876;2
3877;2
3878;1
3879;3
3880;4
3881;3
3882;3
3883;3
3884;2
3885;3
3886;1
3887;1
3888;5
3889;1
3890;2
3891;2
3892;2
3893;2
3894;5
3895;3
3896;3
3897;2
3898;2
3899;5
3900;2
3901;3
3902;2
3903;2
3904;3
3905;2
3906;3
3907;2
3908;2
3909;3
3910;2
3911;1
3912;1
3913;2
3914;1
3915;1
3916;2
3917;3
3918;2
3919;3
3920;5
3921;1
3922;4
3923;4
3924;2
3925;1
3926;1
3927;3
3928;1
3929;1
3930;3
3931;2
3932;5
3933;1
3934;2
3935;1
3936;1
3937;1
3938;3
3939;2
3940;1
3941;2
3942;2
3943;1
3944;5
3945;2
3946;3
3947;5
3948;3
3949;1
3950;2
3951;1
3952;1
3953;4
3954;1
3955;3
3956;3
3957;3
3958;4
3959;1
3960;3
3961;4
3962;2
3963;2
3964;1
3965;3
3966;4
3967;3
3968;1
3969;3
3970;1
3971;1
3972;3
3973;2
3974;3
3975;3
3976;5
3977;1
3978;5
3979;1
3980;2
3981;2
3982;2
3983;1
3984;3
3985;2
3986;1
3987;2
3988;1
3989;1
3990;3
3991;1
3992;1
3993;2
3994;3
3995;3
3996;3
3997;1
3998;2
3999;2
4000;3
4001;4
4002;2
4003;3
4004;5
4005;2
4006;5
4007;2
4008;1
4009;1
4010;2
4011;5
4012;2
4013;2
4014;2
4015;1
4016;3
4017;2
4018;3
4019;2
4020;2
4021;1
4022;3
4023;3
4024;5
4025;3
4026;2
4027;3
4028;5
4029;3
4030;5
4031;5
4032;5
4033;1
4034;3
4035;4
4036;2
4037;2
4038;2
4039;3
4040;2
4041;2
4042;2
4043;5
4044;5
4045;2
4046;3
4047;3
